# German data

Characteristics 13 626
 0.000  0.200  0.260  0.000 20.000
 4.500 19.000  4.000  6.000 15.000  0.500  0.100  1.350  0.900  2.700 50.000  1.500  1.750  0.700  0.650  0.675  0.500  0.300  3.000  0.800  6.000
1.3194 1.0931 0.4331 1.1095 0.8259 0.9872
0.0003354630 20.000  0.050  0.050  0.800  1.000  0.525  0.500
1.00 0.10 1.00 0.85 0.70 0.70   1.00 0.60 1.00 0.85 0.70 0.70   1.00 1.00 0.10 1.00 0.70 0.70   1.00 1.00 0.40 1.00 0.70 0.70   1.00 0.70 0.70 0.70 1.00 1.00   1.00 0.70 0.70 0.70 1.00 1.00
136
  0.000  0.000  0.000  0.000   0   0 -0.700  1.300 -0.700  1.300  1.100  0.000  0.000  0.000  0.000  0.150  0.150  0.200  0.200  0.200  0.200  0.200  0.0  0.0
!  0.157  0.993  0.190  0.157   1   1  0.000  1.100 -0.044  1.080  0.194  0.339  0.350  0.795  0.089  0.108  0.104  0.127  0.175  0.172  0.132  0.080  0.0  0.0
#  0.157  0.157  0.157  0.995   1   1  0.100  1.000  0.141  0.956  0.739  0.254  0.304  1.003  0.514  0.123  0.107  0.142  0.210  0.186  0.152  0.125  0.0  0.0
$  0.156  0.790  0.773  0.156   1   1 -0.100  1.100 -0.047  1.120  0.561  0.293  0.324  1.011  0.750  0.111  0.110  0.117  0.199  0.180  0.210  0.158  0.0  0.0
%  0.305  0.736  0.808  0.157   1   1  0.000  1.000 -0.022  1.010  0.803  0.316  0.324  0.856  0.321  0.115  0.115  0.148  0.199  0.160  0.210  0.092  0.0  0.0
&  0.810  0.660  0.505  0.157   1   1  0.000  1.000  0.001  0.983  0.597  0.350  0.350  0.959  0.484  0.136  0.156  0.157  0.165  0.190  0.192  0.210  0.0  0.0
'  0.995  0.157  0.157  0.157   1   1  0.700  1.050  0.720  1.027  0.097  0.327  0.151  0.307  0.500  0.104  0.091  0.076  0.157  0.183  0.124  0.134  0.0  0.0
(  0.995  0.157  0.157  0.157   1   1 -0.100  1.100 -0.099  1.069  0.422  0.350  0.201  1.168  0.456  0.105  0.102  0.136  0.198  0.195  0.164  0.154  0.0  0.0
)  0.995  0.157  0.157  0.157   1   1 -0.100  1.100 -0.167  1.154  0.426  0.169  0.241  1.323  0.455  0.105  0.097  0.143  0.210  0.194  0.164  0.132  0.0  0.0
*  0.428  0.157  0.713  0.798   1   1  0.200  0.900  0.189  0.957  0.703  0.322  0.350  0.830  0.504  0.156  0.116  0.149  0.204  0.197  0.180  0.139  0.0  0.0
+  0.157  0.995  0.157  0.157   1   1  0.200  0.700  0.121  0.661  0.456  0.274  0.301  0.995  0.426  0.086  0.093  0.116  0.171  0.154  0.156  0.106  0.0  0.0
,  0.995  0.157  0.157  0.157   1   1 -0.200  0.050 -0.348  0.055  0.161  0.243  0.350  0.407  0.398  0.091  0.093  0.096  0.197  0.151  0.127  0.146  0.0  0.0
-  0.995  0.157  0.157  0.157   1   1  0.480  0.520  0.375  0.434  0.460  0.261  0.304  0.460  0.425  0.079  0.078  0.141  0.168  0.179  0.139  0.139  0.0  0.0
.  0.995  0.157  0.157  0.157   1   1  0.000  0.050  0.058  0.140  0.068  0.263  0.350  0.098  0.224  0.075  0.075  0.075  0.171  0.163  0.080  0.133  0.0  0.0
/  0.995  0.157  0.157  0.157   1   1 -0.100  1.100 -0.113  1.075  0.567  0.226  0.201  1.191  0.287  0.152  0.127  0.208  0.210  0.210  0.210  0.140  0.0  0.0
0  0.924  0.779  0.157  0.157   1   1  0.000  0.900  0.075  0.744  0.552  0.214  0.252  0.679  0.597  0.086  0.090  0.108  0.161  0.163  0.119  0.125  0.5  0.5
1  0.830  0.602  0.602  0.156   1   1  0.000  0.900  0.055  0.783  0.227  0.283  0.256  0.725  0.347  0.081  0.081  0.170  0.165  0.164  0.132  0.147  0.1  0.1
2  0.995  0.157  0.157  0.157   1   1  0.000  0.900  0.047  0.791  0.631  0.237  0.229  0.776  0.403  0.086  0.083  0.128  0.166  0.170  0.121  0.142  0.1  0.1
3  0.995  0.157  0.157  0.157   1   1  0.000  0.900  0.023  0.829  0.544  0.247  0.233  0.810  0.387  0.084  0.082  0.113  0.167  0.157  0.130  0.145  0.1  0.1
4  0.782  0.782  0.156  0.156   1   1  0.000  0.900 -0.026  0.867  0.598  0.226  0.215  0.911  0.555  0.087  0.089  0.117  0.174  0.165  0.140  0.119  0.1  0.1
5  0.711  0.843  0.156  0.156   1   1  0.000  0.900  0.031  0.852  0.696  0.236  0.172  0.851  0.507  0.083  0.086  0.152  0.176  0.196  0.135  0.119  0.1  0.1
6  0.995  0.157  0.157  0.157   1   1  0.000  0.900  0.029  0.846  0.510  0.207  0.246  0.818  0.391  0.078  0.085  0.103  0.174  0.162  0.133  0.130  0.1  0.1
7  0.848  0.704  0.156  0.156   1   1  0.000  0.900  0.021  0.825  0.558  0.234  0.224  0.790  0.455  0.081  0.079  0.105  0.150  0.168  0.117  0.139  0.1  0.1
8  0.908  0.597  0.186  0.157   1   1  0.000  0.900  0.010  0.858  0.555  0.251  0.231  0.860  0.455  0.082  0.081  0.114  0.178  0.168  0.132  0.087  0.1  0.1
9  0.981  0.336  0.157  0.157   1   1  0.000  0.900 -0.022  0.866  0.518  0.231  0.237  0.889  0.438  0.084  0.083  0.102  0.175  0.172  0.139  0.125  0.1  0.1
:  0.157  0.995  0.157  0.157   1   1  0.000  0.500  0.125  0.617  0.122  0.331  0.350  0.986  0.064  0.086  0.089  0.075  0.149  0.140  0.210  0.080  0.0  0.0
;  0.157  0.995  0.157  0.157   1   1 -0.200  0.500 -0.329  0.600  0.263  0.296  0.350  1.000  0.087  0.113  0.112  0.123  0.194  0.140  0.132  0.080  0.0  0.0
<  0.995  0.157  0.157  0.157   1   1  0.100  0.800  0.004  0.746  0.600  0.278  0.285  0.768  0.499  0.098  0.106  0.119  0.203  0.164  0.146  0.143  0.0  0.0
=  0.157  0.995  0.157  0.157   1   1  0.200  0.600  0.189  0.536  0.541  0.284  0.350  0.980  0.412  0.093  0.082  0.124  0.166  0.197  0.190  0.117  0.0  0.0
>  0.995  0.157  0.157  0.157   1   1  0.100  0.800  0.002  0.763  0.537  0.253  0.302  0.776  0.499  0.104  0.102  0.115  0.157  0.172  0.150  0.130  0.0  0.0
?  0.174  0.994  0.157  0.157   1   1  0.000  1.000 -0.071  1.041  0.442  0.333  0.350  0.845  0.092  0.120  0.117  0.108  0.172  0.150  0.164  0.080  0.0  0.0
@  0.995  0.157  0.157  0.157   1   1  0.000  1.000  0.017  0.930  0.745  0.350  0.350  0.934  0.489  0.128  0.121  0.138  0.175  0.170  0.154  0.154  0.0  0.0
A  0.492  0.795  0.688  0.156   1   1  0.000  1.000 -0.031  0.931  0.696  0.186  0.254  0.967  0.466  0.101  0.116  0.132  0.184  0.174  0.168  0.154  0.3  0.8
B  0.705  0.847  0.156  0.156   1   1  0.000  1.000 -0.020  0.971  0.738  0.277  0.227  1.008  0.742  0.093  0.106  0.140  0.186  0.160  0.154  0.183  0.3  0.8
C  0.995  0.157  0.157  0.157   1   1  0.000  1.000  0.066  0.875  0.681  0.309  0.210  0.844  0.213  0.085  0.110  0.139  0.174  0.183  0.148  0.146  0.3  0.8
D  0.557  0.926  0.157  0.157   1   1  0.000  1.000 -0.001  0.939  0.742  0.248  0.216  0.983  0.713  0.097  0.113  0.149  0.195  0.169  0.164  0.181  0.3  0.8
E  0.343  0.572  0.801  0.587   1   1  0.000  1.000  0.007  0.931  0.749  0.227  0.216  0.923  0.416  0.094  0.098  0.144  0.178  0.194  0.142  0.140  0.3  0.8
F  0.312  0.749  0.796  0.157   1   1  0.000  1.000 -0.019  1.008  0.832  0.272  0.088  1.043  0.515  0.095  0.110  0.179  0.195  0.210  0.135  0.147  0.3  0.8
G  0.849  0.651  0.405  0.157   1   1  0.000  1.000 -0.050  0.915  0.772  0.269  0.223  0.982  0.557  0.138  0.104  0.143  0.174  0.171  0.191  0.157  0.3  0.8
H  0.157  0.404  0.969  0.157   1   1  0.000  1.000 -0.014  0.980  0.700  0.167  0.206  0.933  0.526  0.092  0.110  0.161  0.210  0.187  0.152  0.178  0.3  0.8
I  0.830  0.156  0.727  0.156   1   1  0.000  1.000  0.033  0.859  0.323  0.279  0.280  0.824  0.432  0.095  0.121  0.240  0.184  0.179  0.186  0.161  0.3  0.8
J  0.667  0.872  0.156  0.156   1   1  0.000  1.000 -0.118  0.988  0.863  0.276  0.159  1.248  0.768  0.186  0.128  0.235  0.210  0.210  0.210  0.153  0.3  0.8
K  0.317  0.909  0.567  0.157   1   1  0.000  1.000 -0.018  0.964  0.773  0.307  0.195  0.917  0.730  0.106  0.114  0.143  0.167  0.199  0.150  0.206  0.3  0.8
L  0.952  0.477  0.156  0.156   1   1  0.000  1.000  0.032  0.885  0.625  0.263  0.208  0.870  0.408  0.097  0.109  0.139  0.179  0.184  0.159  0.174  0.3  0.8
M  0.744  0.436  0.468  0.702   1   1  0.000  1.000 -0.004  0.891  0.940  0.279  0.231  1.043  0.732  0.117  0.131  0.165  0.163  0.172  0.154  0.203  0.3  0.8
N  0.758  0.485  0.736  0.156   1   1  0.000  1.000  0.021  0.929  0.828  0.279  0.232  0.997  0.698  0.111  0.128  0.166  0.169  0.191  0.162  0.187  0.3  0.8
O  0.995  0.157  0.157  0.157   1   1  0.000  1.000  0.062  0.805  0.635  0.188  0.243  0.776  0.467  0.091  0.105  0.119  0.188  0.156  0.139  0.190  0.3  0.8
P  0.755  0.807  0.156  0.156   1   1  0.000  1.000 -0.026  1.035  0.689  0.269  0.108  1.106  0.664  0.103  0.122  0.163  0.181  0.210  0.183  0.121  0.3  0.8
Q  0.157  0.995  0.157  0.157   1   1  0.000  1.000 -0.110  0.947  0.815  0.283  0.243  0.952  0.522  0.122  0.112  0.130  0.178  0.152  0.170  0.129  0.3  0.8
R  0.781  0.779  0.205  0.157   1   1  0.000  1.000 -0.016  0.972  0.748  0.243  0.223  1.013  0.734  0.100  0.117  0.139  0.183  0.178  0.171  0.187  0.3  0.8
S  0.995  0.157  0.157  0.157   1   1  0.000  1.000  0.021  0.933  0.686  0.236  0.162  0.929  0.267  0.089  0.106  0.151  0.195  0.198  0.154  0.156  0.3  0.8
T  0.157  0.995  0.157  0.157   1   1  0.000  1.000  0.010  0.962  0.922  0.219  0.088  1.041  0.744  0.100  0.117  0.180  0.209  0.210  0.162  0.158  0.3  0.8
U  0.971  0.394  0.157  0.157   1   1  0.000  1.000  0.056  0.850  0.654  0.238  0.265  0.829  0.620  0.092  0.109  0.135  0.167  0.171  0.142  0.147  0.3  0.8
V  0.820  0.740  0.156  0.156   1   1  0.000  1.000  0.035  0.932  0.633  0.257  0.214  0.911  0.672  0.091  0.113  0.135  0.172  0.197  0.163  0.161  0.3  0.8
W  0.694  0.560  0.560  0.630   1   1  0.000  1.000  0.028  0.912  0.993  0.275  0.184  1.059  0.493  0.104  0.130  0.147  0.150  0.189  0.144  0.148  0.3  0.8
X  0.157  0.995  0.157  0.157   1   1  0.000  1.000 -0.012  0.902  0.690  0.221  0.265  1.000  0.732  0.105  0.107  0.129  0.182  0.178  0.132  0.154  0.3  0.8
Y  0.621  0.852  0.456  0.157   1   1  0.000  1.000 -0.182  0.993  0.682  0.264  0.146  1.184  0.534  0.146  0.118  0.153  0.207  0.210  0.210  0.129  0.3  0.8
Z  0.815  0.746  0.156  0.156   1   1  0.000  1.000 -0.003  0.885  0.797  0.238  0.198  0.927  0.596  0.113  0.108  0.139  0.180  0.169  0.145  0.153  0.3  0.8
[  0.971  0.397  0.157  0.157   1   1 -0.100  1.100 -0.195  1.138  0.674  0.350  0.207  1.337  0.334  0.126  0.124  0.160  0.172  0.210  0.210  0.163  0.0  0.0
\  0.993  0.174  0.174  0.174   1   1 -0.100  1.100  0.030  0.917  0.538  0.111  0.210  0.886  0.819  0.098  0.103  0.144  0.210  0.200  0.147  0.161  0.0  0.0
]  0.982  0.328  0.157  0.157   1   1 -0.100  1.100 -0.203  1.151  0.609  0.218  0.350  1.358  0.279  0.117  0.110  0.148  0.189  0.188  0.183  0.134  0.0  0.0
^  0.995  0.157  0.157  0.157   1   0  0.500  1.000  0.538  0.947  0.389  0.276  0.307  0.449  0.486  0.133  0.097  0.103  0.155  0.163  0.119  0.145  0.0  0.0
_  0.995  0.157  0.157  0.157   1   1 -0.100  0.000 -0.064  0.019  0.560  0.243  0.293  0.560  0.426  0.079  0.078  0.141  0.168  0.179  0.139  0.139  0.0  0.0
`  0.991  0.190  0.190  0.190   1   1  0.700  1.100  0.712  0.987  0.181  0.350  0.350  0.284  0.500  0.114  0.107  0.096  0.206  0.140  0.099  0.134  0.0  0.0
a  0.981  0.331  0.157  0.157   1   1  0.000  0.500  0.011  0.486  0.521  0.166  0.220  0.564  0.345  0.076  0.080  0.114  0.166  0.157  0.111  0.147  0.9  0.9
b  0.906  0.603  0.157  0.157   1   1  0.000  0.900  0.010  0.948  0.515  0.249  0.195  0.943  0.515  0.076  0.105  0.121  0.168  0.143  0.143  0.110  0.9  0.9
c  0.995  0.157  0.157  0.157   1   1  0.000  0.500  0.014  0.500  0.435  0.220  0.186  0.526  0.126  0.075  0.076  0.113  0.157  0.156  0.105  0.132  0.9  0.9
d  0.925  0.559  0.157  0.157   1   1  0.000  0.900 -0.012  0.986  0.605  0.200  0.202  1.006  0.512  0.080  0.119  0.149  0.153  0.180  0.156  0.111  0.9  0.9
e  0.995  0.157  0.157  0.157   1   1  0.000  0.500  0.005  0.521  0.477  0.162  0.197  0.564  0.283  0.075  0.076  0.116  0.151  0.148  0.107  0.119  0.9  0.9
f  0.370  0.975  0.157  0.157   1   1 -0.100  0.900 -0.202  1.058  0.650  0.164  0.105  1.412  0.521  0.168  0.118  0.181  0.199  0.192  0.190  0.165  0.9  0.9
g  0.970  0.401  0.157  0.157   1   1 -0.500  0.500 -0.625  0.494  0.572  0.131  0.212  1.124  0.412  0.112  0.082  0.152  0.208  0.162  0.161  0.171  0.9  0.9
h  0.982  0.324  0.157  0.157   1   1  0.000  0.900  0.005  0.987  0.528  0.133  0.191  0.986  0.544  0.076  0.111  0.131  0.176  0.140  0.149  0.160  0.9  0.9
i  0.519  0.940  0.157  0.157   1   1  0.000  0.800  0.031  0.784  0.221  0.223  0.222  0.482  0.084  0.075  0.128  0.138  0.151  0.162  0.129  0.080  0.9  0.9
j  0.477  0.952  0.157  0.157   1   1 -0.500  0.800 -0.518  0.817  0.480  0.171  0.223  1.142  0.095  0.107  0.121  0.164  0.210  0.148  0.154  0.080  0.9  0.9
k  0.446  0.921  0.456  0.157   1   1  0.000  0.900  0.001  0.927  0.594  0.213  0.195  0.931  0.532  0.079  0.113  0.127  0.151  0.159  0.141  0.156  0.9  0.9
l  0.995  0.157  0.157  0.157   1   1  0.000  0.900  0.029  0.954  0.263  0.232  0.171  0.929  0.205  0.078  0.103  0.183  0.163  0.168  0.147  0.188  0.9  0.9
m  0.987  0.281  0.157  0.157   1   1  0.000  0.500  0.001  0.492  0.753  0.220  0.230  0.762  0.349  0.078  0.078  0.108  0.140  0.140  0.104  0.139  0.9  0.9
n  0.995  0.157  0.157  0.157   1   1  0.000  0.500  0.005  0.479  0.503  0.210  0.217  0.556  0.358  0.075  0.078  0.110  0.140  0.155  0.105  0.143  0.9  0.9
o  0.995  0.157  0.157  0.157   1   0  0.000  0.500  0.795  1.096  0.305  0.140  0.189  0.307  0.199  0.077  0.076  0.090  0.144  0.140  0.096  0.133  0.9  0.9
p  0.891  0.633  0.156  0.156   1   1 -0.500  0.500 -0.480  0.535  0.519  0.180  0.186  1.017  0.520  0.104  0.088  0.140  0.188  0.145  0.151  0.112  0.9  0.9
q  0.969  0.404  0.157  0.157   1   1 -0.500  0.500 -0.584  0.512  0.532  0.269  0.204  1.109  0.452  0.109  0.075  0.142  0.184  0.156  0.146  0.137  0.9  0.9
r  0.995  0.157  0.157  0.157   1   1  0.000  0.500  0.027  0.522  0.437  0.199  0.182  0.540  0.315  0.075  0.078  0.118  0.147  0.156  0.104  0.112  0.9  0.9
s  0.995  0.157  0.157  0.157   1   1  0.000  0.500 -0.028  0.565  0.450  0.181  0.171  0.616  0.165  0.077  0.085  0.110  0.159  0.155  0.117  0.136  0.9  0.9
t  0.157  0.995  0.157  0.157   1   1  0.000  0.900  0.019  0.950  0.574  0.165  0.130  0.953  0.523  0.085  0.123  0.151  0.188  0.187  0.158  0.158  0.9  0.9
u  0.994  0.174  0.157  0.157   1   1  0.000  0.500  0.011  0.484  0.483  0.200  0.222  0.545  0.318  0.075  0.081  0.113  0.149  0.140  0.109  0.155  0.9  0.9
v  0.821  0.739  0.156  0.156   1   1  0.000  0.500  0.012  0.543  0.444  0.231  0.171  0.566  0.378  0.075  0.082  0.104  0.142  0.140  0.108  0.137  0.9  0.9
w  0.694  0.560  0.560  0.630   1   1  0.000  0.500 -0.002  0.539  0.721  0.205  0.187  0.741  0.358  0.075  0.090  0.105  0.150  0.140  0.100  0.120  0.9  0.9
x  0.157  0.995  0.157  0.157   1   1  0.000  0.500 -0.042  0.553  0.520  0.202  0.246  0.623  0.481  0.085  0.088  0.113  0.154  0.155  0.115  0.106  0.9  0.9
y  0.748  0.716  0.542  0.156   1   1 -0.500  0.500 -0.593  0.500  0.565  0.178  0.243  1.094  0.426  0.116  0.089  0.149  0.184  0.159  0.160  0.128  0.9  0.9
z  0.753  0.594  0.674  0.156   1   1 -0.050  0.500 -0.091  0.529  0.561  0.212  0.171  0.685  0.416  0.128  0.079  0.119  0.150  0.143  0.159  0.111  0.9  0.9
{  0.995  0.157  0.157  0.157   1   1 -0.200  1.100 -0.323  1.214  0.573  0.350  0.256  1.541  0.837  0.120  0.109  0.156  0.171  0.198  0.182  0.134  0.0  0.0
|  0.995  0.157  0.157  0.157   1   1 -0.100  1.100 -0.136  1.053  0.167  0.283  0.283  1.189  0.500  0.112  0.096  0.120  0.164  0.162  0.170  0.134  0.0  0.0
}  0.995  0.157  0.157  0.157   1   1 -0.200  1.100 -0.323  1.183  0.502  0.247  0.271  1.511  0.502  0.115  0.102  0.148  0.191  0.192  0.161  0.135  0.0  0.0
~  0.995  0.157  0.157  0.157   1   1  0.500  0.800  0.493  0.785  0.640  0.337  0.274  0.642  0.498  0.128  0.124  0.127  0.140  0.173  0.127  0.142  0.0  0.0
£  0.211  0.922  0.553  0.211   1   1  0.000  1.000 -0.025  0.969  0.644  0.170  0.171  0.682  0.370  0.108  0.121  0.163  0.179  0.156  0.210  0.130  0.0  0.0
¥  0.211  0.922  0.553  0.211   1   1  0.000  1.000 -0.154  0.943  0.686  0.164  0.130  0.602  0.476  0.127  0.086  0.126  0.140  0.184  0.107  0.113  0.0  0.0
¢  0.211  0.922  0.553  0.211   1   1  0.000  1.000 -0.143  0.947  0.635  0.187  0.124  0.601  0.528  0.101  0.091  0.125  0.160  0.155  0.104  0.110  0.0  0.0
ª  0.000  0.000  0.000  0.000   1   1  0.500  1.000  0.513  0.970  0.438  0.268  0.311  0.476  0.461  0.106  0.075  0.104  0.140  0.143  0.109  0.104  0.0  0.0
º  0.000  0.000  0.000  0.000   1   1  0.500  1.000  0.493  0.983  0.441  0.263  0.316  0.477  0.444  0.138  0.081  0.112  0.140  0.140  0.109  0.108  0.0  0.0
ß  0.810  0.660  0.505  0.157   1   1 -0.100  1.000 -0.435  0.948  0.766  0.115  0.169  1.390  0.690  0.124  0.110  0.167  0.210  0.140  0.185  0.149  0.0  0.0
§  0.993  0.174  0.174  0.174   1   1 -0.100  1.100 -0.260  1.044  0.706  0.068  0.317  0.933  0.714  0.118  0.112  0.137  0.179  0.166  0.172  0.168  0.0  0.0
¶  0.993  0.174  0.174  0.174   1   1 -0.100  1.100 -0.142  1.017  0.659  0.174  0.224  0.899  0.601  0.098  0.086  0.114  0.167  0.148  0.112  0.192  0.0  0.0
«  0.995  0.157  0.157  0.157   1   1  0.100  0.800  0.134  0.702  0.788  0.198  0.249  0.757  0.433  0.084  0.089  0.113  0.140  0.140  0.105  0.099  0.0  0.0
»  0.995  0.157  0.157  0.157   1   1  0.100  0.800  0.096  0.712  0.799  0.257  0.303  0.774  0.504  0.102  0.088  0.110  0.140  0.142  0.107  0.114  0.0  0.0
¿  0.174  0.994  0.157  0.157   1   1 -0.100  1.000 -0.080  1.045  0.423  0.350  0.350  0.911  0.085  0.093  0.098  0.105  0.146  0.140  0.101  0.080  0.0  0.0
¡  0.157  0.993  0.190  0.157   1   1 -0.100  1.000 -0.047  1.022  0.183  0.341  0.329  0.772  0.082  0.092  0.088  0.114  0.152  0.154  0.100  0.080  0.0  0.0
ç  0.995  0.157  0.157  0.157   1   1 -0.400  0.500 -0.322  0.482  0.400  0.304  0.297  0.867  0.339  0.083  0.075  0.102  0.157  0.140  0.112  0.086  0.9  0.9
Ç  0.995  0.157  0.157  0.157   1   1 -0.400  1.000 -0.393  0.864  0.658  0.314  0.271  0.851  0.404  0.087  0.095  0.108  0.140  0.167  0.162  0.136  0.3  0.8
Œ  0.694  0.560  0.560  0.630   1   1  0.000  1.000  0.035  0.906  0.913  0.290  0.147  0.993  0.594  0.085  0.105  0.130  0.122  0.156  0.121  0.110  0.3  0.8
œ  0.694  0.560  0.560  0.630   1   1  0.000  0.500  0.036  0.499  0.776  0.179  0.182  0.750  0.361  0.075  0.075  0.110  0.140  0.140  0.113  0.089  0.9  0.9
Æ  0.694  0.560  0.560  0.630   1   1  0.000  1.000  0.023  0.911  0.941  0.290  0.157  0.993  0.558  0.084  0.098  0.147  0.140  0.145  0.121  0.144  0.3  0.8
æ  0.694  0.560  0.560  0.630   1   1  0.000  0.500  0.015  0.521  0.716  0.203  0.184  0.725  0.368  0.075  0.078  0.111  0.140  0.140  0.108  0.103  0.9  0.9
Ø  0.781  0.779  0.205  0.157   1   1  0.000  1.000 -0.032  0.985  0.728  0.255  0.154  0.991  0.731  0.101  0.108  0.138  0.159  0.163  0.133  0.142  0.3  0.8
ø  0.995  0.157  0.157  0.157   1   1  0.000  0.500 -0.049  0.595  0.535  0.136  0.144  0.588  0.243  0.098  0.103  0.114  0.161  0.144  0.106  0.178  0.9  0.9
„  0.995  0.157  0.157  0.157   1   0 -0.200  0.050 -0.308  0.146  0.290  0.338  0.325  0.366  0.324  0.125  0.096  0.101  0.140  0.171  0.108  0.104  0.0  0.0
å  0.000  0.000  0.000  0.000   1   0  0.000  0.000  0.012  0.968  0.607  0.154  0.135  0.979  0.305  0.075  0.095  0.124  0.163  0.159  0.113  0.088  0.0  0.0
ë  0.000  0.000  0.000  0.000   1   0  0.000  0.000  0.055  0.862  0.485  0.258  0.191  0.933  0.048  0.075  0.084  0.095  0.140  0.140  0.116  0.080  0.0  0.0
ï  0.000  0.000  0.000  0.000   1   0  0.000  0.000  0.053  0.818  0.410  0.250  0.256  0.979  0.047  0.075  0.085  0.119  0.144  0.157  0.113  0.080  0.0  0.0
ñ  0.000  0.000  0.000  0.000   1   0  0.000  0.000  0.045  0.813  0.574  0.180  0.262  0.979  0.413  0.075  0.089  0.099  0.143  0.141  0.113  0.089  0.0  0.0
õ  0.000  0.000  0.000  0.000   1   0  0.000  0.000  0.024  0.894  0.561  0.147  0.094  0.799  0.307  0.076  0.102  0.119  0.179  0.162  0.115  0.131  0.0  0.0
ü  0.000  0.000  0.000  0.000   1   0  0.000  0.000  0.012  0.928  0.605  0.151  0.138  0.770  0.262  0.075  0.105  0.129  0.165  0.158  0.114  0.150  0.0  0.0
ÿ  0.000  0.000  0.000  0.000   1   0  0.000  0.000 -0.525  0.847  0.507  0.199  0.297  0.979  0.130  0.097  0.110  0.113  0.152  0.146  0.113  0.108  0.0  0.0
Á  0.000  0.000  0.000  0.000   1   0  0.000  0.000 -0.017  1.124  0.696  0.206  0.175  1.000  0.302  0.084  0.110  0.145  0.143  0.178  0.127  0.095  0.0  0.0
È  0.000  0.000  0.000  0.000   1   0  0.000  0.000 -0.010  1.182  0.657  0.225  0.221  1.000  0.284  0.075  0.112  0.121  0.149  0.171  0.127  0.087  0.0  0.0
Ì  0.000  0.000  0.000  0.000   1   0  0.000  0.000 -0.038  1.176  0.514  0.251  0.220  1.000  0.301  0.075  0.096  0.187  0.154  0.176  0.127  0.091  0.0  0.0
Ñ  0.000  0.000  0.000  0.000   1   0  0.000  0.000  0.026  1.124  0.778  0.252  0.205  1.000  0.482  0.080  0.111  0.144  0.150  0.184  0.127  0.119  0.0  0.0
Ò  0.000  0.000  0.000  0.000   1   0  0.000  0.000 -0.009  1.115  0.657  0.255  0.194  1.000  0.318  0.076  0.087  0.116  0.149  0.173  0.127  0.094  0.0  0.0
Ù  0.000  0.000  0.000  0.000   1   0  0.000  0.000 -0.008  1.128  0.641  0.284  0.188  1.000  0.307  0.080  0.103  0.129  0.151  0.161  0.127  0.100  0.0  0.0
Ÿ  0.000  0.000  0.000  0.000   1   0  0.000  0.000 -0.082  1.145  0.605  0.238  0.150  1.000  0.183  0.096  0.098  0.126  0.151  0.176  0.127  0.123  0.0  0.0
´  0.000  0.000  0.000  0.000   1   0  0.000  0.000  0.169  0.890  0.127  0.227  0.257  0.846  0.056  0.071  0.075  0.082  0.118  0.131  0.100  0.032  0.0  0.0
˙  0.000  0.000  0.000  0.000   1   0  0.000  0.000  0.169  0.890  0.127  0.227  0.257  0.846  0.056  0.071  0.075  0.082  0.118  0.131  0.100  0.032  0.0  0.0
ˆ  0.000  0.000  0.000  0.000   1   0  0.000  0.000  0.169  0.890  0.127  0.227  0.257  0.846  0.056  0.071  0.075  0.082  0.118  0.131  0.100  0.032  0.0  0.0
¨  0.000  0.000  0.000  0.000   1   0  0.000  0.000  0.169  0.890  0.127  0.227  0.257  0.846  0.056  0.071  0.075  0.082  0.118  0.131  0.100  0.032  0.0  0.0
˜  0.000  0.000  0.000  0.000   1   0  0.000  0.000  0.169  0.890  0.127  0.227  0.257  0.846  0.056  0.071  0.075  0.082  0.118  0.131  0.100  0.032  0.0  0.0
˚  0.000  0.000  0.000  0.000   1   0  0.000  0.000  0.169  0.890  0.127  0.227  0.257  0.846  0.056  0.071  0.075  0.082  0.118  0.131  0.100  0.032  0.0  0.0
€  0.156  0.790  0.773  0.156   1   1 -0.100  1.100 -0.047  1.120  0.561  0.293  0.324  1.011  0.750  0.111  0.110  0.117  0.199  0.180  0.210  0.158  0.0  0.0
56
^^^  0.995  0.157  0.157  0.157   0   1  0.600  1.100  0.538  0.947  0.389  0.276  0.307  0.449  0.486  0.133  0.097  0.103  0.155  0.163  0.119  0.145  0.0  0.0
∆^^  0.995  0.157  0.157  0.157   0   1 -0.200  0.100 -0.200  0.100  0.389  0.276  0.307  0.449  0.486  0.133  0.097  0.103  0.155  0.163  0.119  0.145  0.0  0.5
ooo  0.995  0.157  0.157  0.157   0   1  0.000  0.500  0.017  0.470  0.409  0.160  0.199  0.487  0.198  0.075  0.075  0.093  0.157  0.140  0.100  0.128  0.9  0.9
°oo  0.995  0.157  0.157  0.157   0   1  0.800  1.100  0.795  1.096  0.305  0.140  0.189  0.307  0.199  0.077  0.076  0.090  0.144  0.140  0.096  0.133  0.0  0.0
"„„  0.000  0.324  0.157  0.157   0   1  0.700  1.050  0.717  1.050  0.279  0.350  0.317  0.628  0.228  0.106  0.092  0.093  0.151  0.196  0.210  0.101  0.0  0.0
„„„  0.000  0.324  0.157  0.157   0   1 -0.300  0.150 -0.308  0.146  0.290  0.338  0.325  0.366  0.324  0.125  0.096  0.101  0.140  0.171  0.108  0.104  0.0  0.0
áå´  0.000  0.324  0.157  0.157   0   1  0.000  0.850  0.006  0.897  0.582  0.145  0.266  0.979  0.321  0.075  0.098  0.108  0.142  0.141  0.113  0.100  0.9  0.9
àå˙  0.000  0.324  0.157  0.157   0   1  0.000  0.850  0.035  0.914  0.562  0.278  0.170  0.979  0.269  0.075  0.094  0.109  0.140  0.148  0.113  0.104  0.9  0.9
âåˆ  0.000  0.324  0.157  0.157   0   1  0.000  0.850  0.039  0.895  0.570  0.209  0.292  0.930  0.384  0.077  0.096  0.122  0.167  0.168  0.115  0.114  0.9  0.9
äå¨  0.000  0.324  0.157  0.157   0   1  0.000  0.850  0.001  0.952  0.623  0.104  0.116  0.829  0.287  0.078  0.114  0.132  0.161  0.160  0.114  0.159  0.9  0.9
åå˚  0.000  0.324  0.157  0.157   0   1  0.000  0.850  0.012  0.968  0.607  0.154  0.135  0.979  0.305  0.075  0.095  0.124  0.163  0.159  0.113  0.088  0.9  0.9
ãå˜  0.000  0.324  0.157  0.157   0   1  0.000  0.850  0.042  0.865  0.601  0.137  0.153  0.829  0.356  0.075  0.096  0.107  0.164  0.171  0.114  0.129  0.9  0.9
éë´  0.000  0.324  0.157  0.157   0   1  0.000  0.850  0.038  0.944  0.554  0.248  0.222  0.843  0.279  0.076  0.101  0.139  0.165  0.189  0.115  0.118  0.9  0.9
èë˙  0.000  0.324  0.157  0.157   0   1  0.000  0.850  0.041  0.921  0.483  0.254  0.245  0.930  0.268  0.075  0.088  0.109  0.147  0.154  0.116  0.097  0.9  0.9
êëˆ  0.000  0.324  0.157  0.157   0   1  0.000  0.850  0.046  0.915  0.520  0.236  0.269  0.934  0.384  0.075  0.078  0.112  0.140  0.140  0.116  0.093  0.9  0.9
ëë¨  0.000  0.324  0.157  0.157   0   1  0.000  0.850  0.055  0.862  0.485  0.258  0.191  0.933  0.048  0.075  0.084  0.095  0.140  0.140  0.116  0.080  0.9  0.9
íï´  0.000  0.324  0.157  0.157   0   1  0.000  0.850 -0.006  0.881  0.412  0.173  0.277  0.979  0.236  0.075  0.091  0.137  0.156  0.148  0.113  0.095  0.9  0.9
ìï˙  0.000  0.324  0.157  0.157   0   1  0.000  0.850  0.010  0.861  0.354  0.238  0.286  0.979  0.228  0.075  0.091  0.113  0.143  0.140  0.113  0.095  0.9  0.9
îïˆ  0.000  0.324  0.157  0.157   0   1  0.000  0.850  0.049  0.849  0.430  0.227  0.310  0.979  0.298  0.075  0.083  0.121  0.158  0.145  0.113  0.093  0.9  0.9
ïï¨  0.000  0.324  0.157  0.157   0   1  0.000  0.850  0.053  0.818  0.410  0.250  0.256  0.979  0.047  0.075  0.085  0.119  0.144  0.157  0.113  0.080  0.9  0.9
ññ˜  0.000  0.324  0.157  0.157   0   1  0.000  0.850  0.045  0.813  0.574  0.180  0.262  0.979  0.413  0.075  0.089  0.099  0.143  0.141  0.113  0.089  0.9  0.9
óõ´  0.000  0.324  0.157  0.157   0   1  0.000  0.850 -0.013  0.879  0.516  0.147  0.190  0.979  0.286  0.075  0.091  0.107  0.146  0.140  0.113  0.099  0.9  0.9
òõ˙  0.000  0.324  0.157  0.157   0   1  0.000  0.850  0.030  0.857  0.442  0.197  0.294  0.979  0.268  0.075  0.085  0.097  0.145  0.140  0.113  0.081  0.9  0.9
ôõˆ  0.000  0.324  0.157  0.157   0   1  0.000  0.850  0.036  0.888  0.499  0.224  0.251  0.979  0.356  0.075  0.086  0.107  0.140  0.140  0.113  0.086  0.9  0.9
öõ¨  0.000  0.324  0.157  0.157   0   1  0.000  0.850  0.003  0.932  0.556  0.123  0.111  0.799  0.279  0.076  0.115  0.127  0.165  0.173  0.114  0.158  0.9  0.9
õõ˜  0.000  0.324  0.157  0.157   0   1  0.000  0.850  0.024  0.894  0.561  0.147  0.094  0.799  0.307  0.076  0.102  0.119  0.179  0.162  0.115  0.131  0.9  0.9
úü´  0.000  0.324  0.157  0.157   0   1  0.000  0.850  0.006  0.869  0.522  0.153  0.264  0.979  0.293  0.075  0.091  0.113  0.140  0.140  0.113  0.091  0.9  0.9
ùü˙  0.000  0.324  0.157  0.157   0   1  0.000  0.850  0.064  0.883  0.568  0.248  0.155  0.979  0.218  0.075  0.075  0.125  0.140  0.144  0.113  0.095  0.9  0.9
ûüˆ  0.000  0.324  0.157  0.157   0   1  0.000  0.850  0.048  0.927  0.609  0.171  0.193  0.979  0.382  0.075  0.083  0.118  0.140  0.140  0.113  0.102  0.9  0.9
üü¨  0.000  0.324  0.157  0.157   0   1  0.000  0.850  0.012  0.928  0.605  0.151  0.138  0.770  0.262  0.075  0.105  0.129  0.165  0.158  0.114  0.150  0.9  0.9
ÿÿ¨  0.000  0.324  0.157  0.157   0   1 -0.500  0.850 -0.525  0.847  0.507  0.199  0.297  0.979  0.130  0.097  0.110  0.113  0.152  0.146  0.113  0.108  0.9  0.9
ÁÁ´  0.000  0.807  0.156  0.156   0   1  0.000  1.100 -0.017  1.124  0.696  0.206  0.175  1.000  0.302  0.084  0.110  0.145  0.143  0.178  0.127  0.095  0.3  0.8
ÀÁ˙  0.000  0.807  0.156  0.156   0   1  0.000  1.100 -0.025  1.169  0.651  0.228  0.239  1.000  0.277  0.081  0.103  0.131  0.151  0.160  0.127  0.086  0.3  0.8
ÂÁˆ  0.000  0.807  0.156  0.156   0   1  0.000  1.100 -0.022  1.116  0.646  0.222  0.211  1.000  0.331  0.078  0.099  0.128  0.155  0.163  0.127  0.098  0.3  0.8
ÄÁ¨  0.000  0.807  0.156  0.156   0   1  0.000  1.100 -0.091  1.319  0.843  0.150  0.101  1.000  0.278  0.096  0.128  0.197  0.166  0.210  0.127  0.180  0.3  0.8
ÅÁ˚  0.000  0.807  0.156  0.156   0   1  0.000  1.100 -0.047  1.238  0.761  0.263  0.130  1.000  0.342  0.082  0.105  0.152  0.164  0.181  0.127  0.093  0.3  0.8
ÃÁ˜  0.000  0.807  0.156  0.156   0   1  0.000  1.100 -0.074  1.275  0.833  0.185  0.118  1.000  0.348  0.095  0.117  0.164  0.176  0.210  0.127  0.129  0.3  0.8
ÉÈ´  0.000  0.807  0.156  0.156   0   1  0.000  1.100 -0.021  1.192  0.719  0.196  0.181  1.000  0.287  0.081  0.119  0.147  0.163  0.178  0.127  0.100  0.3  0.8
ÈÈ˙  0.000  0.807  0.156  0.156   0   1  0.000  1.100 -0.010  1.182  0.657  0.225  0.221  1.000  0.284  0.075  0.112  0.121  0.149  0.171  0.127  0.087  0.3  0.8
ÊÈˆ  0.000  0.807  0.156  0.156   0   1  0.000  1.100 -0.001  1.154  0.668  0.212  0.215  1.000  0.313  0.081  0.096  0.117  0.152  0.171  0.127  0.093  0.3  0.8
ËÈ¨  0.000  0.807  0.156  0.156   0   1  0.000  1.100  0.011  1.136  0.688  0.232  0.205  1.000  0.189  0.082  0.106  0.139  0.178  0.167  0.127  0.141  0.3  0.8
ÍÌ´  0.000  0.807  0.156  0.156   0   1  0.000  1.100 -0.042  1.177  0.591  0.217  0.206  1.000  0.315  0.075  0.101  0.173  0.164  0.188  0.127  0.103  0.3  0.8
ÌÌ˙  0.000  0.807  0.156  0.156   0   1  0.000  1.100 -0.038  1.176  0.514  0.251  0.220  1.000  0.301  0.075  0.096  0.187  0.154  0.176  0.127  0.091  0.3  0.8
ÎÌˆ  0.000  0.807  0.156  0.156   0   1  0.000  1.100 -0.038  1.151  0.537  0.234  0.207  1.000  0.355  0.087  0.111  0.135  0.158  0.170  0.127  0.103  0.3  0.8
ÏÌ¨  0.000  0.807  0.156  0.156   0   1  0.000  1.100 -0.037  1.150  0.577  0.242  0.209  1.000  0.165  0.079  0.113  0.171  0.148  0.190  0.127  0.134  0.3  0.8
ÑÑ˜  0.000  0.807  0.156  0.156   0   1  0.000  1.100  0.026  1.124  0.778  0.252  0.205  1.000  0.482  0.080  0.111  0.144  0.150  0.184  0.127  0.119  0.3  0.8
ÓÒ´  0.000  0.807  0.156  0.156   0   1  0.000  1.100 -0.024  1.170  0.690  0.251  0.196  1.000  0.348  0.075  0.097  0.116  0.161  0.161  0.127  0.105  0.3  0.8
ÒÒ˙  0.000  0.807  0.156  0.156   0   1  0.000  1.100 -0.009  1.115  0.657  0.255  0.194  1.000  0.318  0.076  0.087  0.116  0.149  0.173  0.127  0.094  0.3  0.8
ÔÒˆ  0.000  0.807  0.156  0.156   0   1  0.000  1.100  0.001  1.119  0.651  0.242  0.228  1.000  0.379  0.077  0.094  0.111  0.145  0.156  0.127  0.104  0.3  0.8
ÖÒ¨  0.000  0.807  0.156  0.156   0   1  0.000  1.100 -0.028  1.240  0.768  0.228  0.158  1.079  0.299  0.090  0.116  0.150  0.169  0.203  0.145  0.210  0.3  0.8
ÕÒ˜  0.000  0.807  0.156  0.156   0   1  0.000  1.100 -0.022  1.229  0.809  0.232  0.121  1.079  0.403  0.108  0.112  0.142  0.164  0.198  0.145  0.179  0.3  0.8
ÚÙ´  0.000  0.807  0.156  0.156   0   1  0.000  1.100  0.021  1.159  0.650  0.292  0.227  1.000  0.300  0.080  0.103  0.124  0.149  0.160  0.127  0.102  0.3  0.8
ÙÙ˙  0.000  0.807  0.156  0.156   0   1  0.000  1.100 -0.008  1.128  0.641  0.284  0.188  1.000  0.307  0.080  0.103  0.129  0.151  0.161  0.127  0.100  0.3  0.8
ÛÙˆ  0.000  0.807  0.156  0.156   0   1  0.000  1.100 -0.004  1.141  0.629  0.270  0.244  1.000  0.371  0.078  0.102  0.116  0.145  0.159  0.127  0.113  0.3  0.8
ÜÙ¨  0.000  0.807  0.156  0.156   0   1  0.000  1.100  0.006  1.259  0.751  0.136  0.153  1.000  0.288  0.084  0.119  0.161  0.206  0.176  0.127  0.184  0.3  0.8
ŸŸ¨  0.000  0.807  0.156  0.156   0   1  0.000  1.100 -0.082  1.145  0.605  0.238  0.150  1.000  0.183  0.096  0.098  0.126  0.151  0.176  0.127  0.123  0.3  0.8
10
0
1
2
3
4
5
6
7
8
9
54
Aa
Bb
Cc
Dd
Ee
Ff
Gg
Hh
Ii
Jj
Kk
Ll
Mm
Nn
Oo
Pp
Qq
Rr
Ss
Tt
Uu
Vv
Ww
Xx
Yy
Zz
Áá
Àà
Ââ
Ää
Ãã
Åå
Éé
Èè
Êê
Ëë
Íí
Ìì
Îî
Ïï
Ññ
Óó
Òò
Ôô
Öö
Õõ
Úú
Ùù
Ûû
Üü
Ÿÿ
Œœ
Ææ
Øø
54
aA
bB
cC
dD
eE
fF
gG
hH
iI
jJ
kK
lL
mM
nN
oO
pP
qQ
rR
sS
tT
uU
vV
wW
xX
yY
zZ
áÁA
àÀA
âÂA
äÄA
åÅA
ãÃA
éÉE
èÈE
êÊE
ëËE
íÍI
ìÌI
îÎI
ïÏI
ñÑN
óÓO
òÒO
ôÔO
öÖO
õÕO
úÚU
ùÙU
ûÛU
üÜU
ÿŸY
œŒ
æÆ
øØ
256
0      0
0      0
0      0
0      0
0      0
0      0
0      0
0      0
0      0
0      0
0      0
0      0
0      0
0      0
0      0
0      0
0      0
0      0
0      0
0      0
0      0
0      0
0      0
0      0
0      0
0      0
0      0
0      0
0      0
0      0
0      0
0      0
0      0
81561  17034
27895  9637
56553  10754
78036  12781
73046  12272
69274  21423
23865  9207
68228  11384
74391  12541
53084  11582
44703  9028
31783  10122
7567   3370
8871   5244
73171  16988
49376  11544
54095  10955
52171  9913
56372  8592
63766  10875
58123  9997
57872  8660
58403  9604
61977  9905
63162  10291
41760  14748
72074  17411
52421  11594
27811  9214
50723  12032
80064  14539
64316  13589
66182  12424
70099  12194
58547  13226
64768  11816
60631  10127
67413  11190
64749  14521
68807  11079
56277  12649
73082  18896
64268  10974
58860  13271
63792  14760
60126  13071
51163  11389
70886  12748
74021  13758
66427  12672
61472  11992
61643  11278
53131  10093
60568  11129
57987  11762
59436  11104
78675  15121
58470  11642
71619  13027
56777  10886
76633  15321
34244  10476
8994   4312
25582  8210
35996  7952
67970  12670
37541  8419
68968  11407
37571  7283
85270  19951
76319  15918
67519  11416
57361  14988
99490  20707
67693  12842
66509  11781
37009  8727
36095  8023
34326  7405
71527  12603
82833  17267
37033  8001
42592  8677
64333  11857
35395  8028
42010  9667
40187  9566
47486  10313
76121  14566
48483  16307
84756  14849
78188  14692
86717  14905
25200  7983
0      0
91660  16975
97302  15110
94936  16435
101124 16296
90201  12423
82939  14673
81749  13366
84377  12571
70531  15806
69481  11882
63904  12824
70817  11009
74061  13684
71846  14954
72281  12575
69302  12210
67904  12014
63417  10398
81478  14747
82887  16727
67281  11389
61541  10339
71618  12636
82836  13388
81220  15307
67708  11334
63063  12705
75130  9276
84091  14976
67126  14427
68251  11090
63334  11966
0      0
23911  5728
76621  13222
80406  15161
89026  15240
0      0
72368  10731
83144  13652
0      0
0      0
0      0
0      0
0      0
67394  14448
72272  10969
83011  10414
32500  6236
71973  6686
56257  8336
55638  8709
79378  14456
0      0
0      0
71277  12337
0      0
0      0
98593  14923
45553  7985
46423  10887
0      0
42587  8401
64996  11536
88928  11672
88785  10999
0      0
61537  10588
0      0
44184  7785
0      0
40936  11697
44260  12190
13741  4277
0      0
111530 17521
93312  13046
84764  11500
0      0
36089  7917
0      0
0      0
0      0
0      0
0      0
0      0
0      0
0      0
109788 22782
102179 13855
0      0
78036  12781
0      0
0      0
0      0
0      0
0      0
0      0
0      0
36327  7912
84332  14552
102929 14597
102162 13829
108207 17265
94103  15277
105232 15109
101648 14258
98994  16816
87094  14659
101484 15738
99075  14311
94527  12063
0      0
96018  12917
99100  16441
97726  13366
100469 15732
0      0
0      0
0      0
0      0
0      0
0      0
32519  13213
0      0
0      0
0      0
0      0

