# French data

Characteristics 13 1003
 0.000  0.200  0.260  0.000 20.000
 4.500 19.000  4.000  6.000 15.000  0.500  0.100  1.350  0.900  2.700 50.000  1.500  1.750  0.700  0.650  0.675  0.500  0.300  3.000  0.800  6.000
1.3530 1.1099 0.4276 1.1211 0.8293 0.9870
0.0003354630 20.000  0.050  0.050  0.800  1.000  0.525  0.500
1.00 0.10 1.00 0.85 0.70 0.70   1.00 0.60 1.00 0.85 0.70 0.70   1.00 1.00 0.10 1.00 0.70 0.70   1.00 1.00 0.40 1.00 0.70 0.70   1.00 0.70 0.70 0.70 1.00 1.00   1.00 0.70 0.70 0.70 1.00 1.00
136
  0.000  0.000  0.000  0.000   0   0 -0.700  1.300 -0.700  1.300  1.100  0.000  0.000  0.000  0.000  0.092  0.102  0.135  0.171  0.172  0.132  0.134  0.0  0.0
!  0.157  0.993  0.190  0.157   1   1  0.000  1.100 -0.052  1.048  0.182  0.343  0.343  0.782  0.084  0.106  0.099  0.129  0.170  0.163  0.131  0.080  0.0  0.0
#  0.157  0.157  0.157  0.995   1   1  0.100  1.000  0.074  0.919  0.769  0.248  0.306  0.997  0.543  0.137  0.109  0.140  0.190  0.178  0.145  0.127  0.0  0.0
$  0.156  0.790  0.773  0.156   1   1 -0.100  1.100 -0.179  1.136  0.606  0.254  0.313  1.204  0.829  0.120  0.111  0.133  0.179  0.170  0.178  0.162  0.0  0.0
%  0.305  0.736  0.808  0.157   1   1  0.000  1.000 -0.107  0.967  0.849  0.329  0.276  1.121  0.309  0.127  0.116  0.149  0.172  0.141  0.153  0.106  0.0  0.0
&  0.810  0.660  0.505  0.157   1   1  0.000  1.000 -0.001  0.970  0.624  0.318  0.289  0.964  0.508  0.119  0.148  0.148  0.158  0.181  0.178  0.210  0.0  0.0
'  0.995  0.157  0.157  0.157   1   1  0.700  1.050  0.713  1.017  0.103  0.318  0.182  0.306  0.483  0.108  0.097  0.084  0.147  0.186  0.131  0.145  0.0  0.0
(  0.995  0.157  0.157  0.157   1   1 -0.100  1.100 -0.133  1.068  0.431  0.350  0.223  1.201  0.448  0.110  0.105  0.159  0.159  0.206  0.173  0.152  0.0  0.0
)  0.995  0.157  0.157  0.157   1   1 -0.100  1.100 -0.218  1.134  0.406  0.189  0.350  1.356  0.417  0.123  0.101  0.149  0.210  0.174  0.170  0.153  0.0  0.0
*  0.428  0.157  0.713  0.798   1   1  0.200  0.900  0.167  0.878  0.683  0.275  0.310  0.791  0.489  0.143  0.119  0.144  0.162  0.178  0.155  0.137  0.0  0.0
+  0.157  0.995  0.157  0.157   1   1  0.200  0.700  0.111  0.655  0.486  0.273  0.257  0.742  0.447  0.083  0.088  0.112  0.176  0.140  0.158  0.099  0.0  0.0
,  0.995  0.157  0.157  0.157   1   1 -0.200  0.050 -0.330  0.088  0.176  0.211  0.350  0.423  0.297  0.098  0.102  0.107  0.195  0.141  0.138  0.155  0.0  0.0
-  0.995  0.157  0.157  0.157   1   1  0.480  0.520  0.360  0.418  0.464  0.249  0.286  0.464  0.413  0.078  0.077  0.141  0.164  0.173  0.140  0.140  0.0  0.0
.  0.995  0.157  0.157  0.157   1   1  0.000  0.050  0.059  0.132  0.065  0.262  0.350  0.091  0.125  0.075  0.075  0.075  0.171  0.144  0.080  0.126  0.0  0.0
/  0.995  0.157  0.157  0.157   1   1 -0.100  1.100 -0.151  1.083  0.585  0.209  0.197  1.238  0.278  0.163  0.129  0.213  0.210  0.210  0.210  0.137  0.0  0.0
0  0.924  0.779  0.157  0.157   1   1  0.000  0.900  0.062  0.757  0.582  0.182  0.189  0.722  0.544  0.086  0.095  0.116  0.168  0.170  0.126  0.192  0.5  0.5
1  0.830  0.602  0.602  0.156   1   1  0.000  0.900  0.041  0.808  0.352  0.255  0.225  0.770  0.380  0.087  0.086  0.211  0.175  0.173  0.141  0.147  0.1  0.1
2  0.995  0.157  0.157  0.157   1   1  0.000  0.900  0.026  0.831  0.604  0.236  0.224  0.823  0.345  0.086  0.089  0.132  0.167  0.163  0.134  0.160  0.1  0.1
3  0.995  0.157  0.157  0.157   1   1  0.000  0.900  0.006  0.857  0.542  0.235  0.229  0.854  0.363  0.085  0.085  0.116  0.161  0.157  0.134  0.147  0.1  0.1
4  0.782  0.782  0.156  0.156   1   1  0.000  0.900 -0.035  0.881  0.554  0.232  0.232  0.956  0.561  0.093  0.090  0.124  0.161  0.162  0.150  0.118  0.1  0.1
5  0.711  0.843  0.156  0.156   1   1  0.000  0.900  0.016  0.880  0.697  0.223  0.164  0.892  0.520  0.084  0.089  0.154  0.175  0.193  0.132  0.127  0.1  0.1
6  0.995  0.157  0.157  0.157   1   1  0.000  0.900  0.025  0.877  0.512  0.220  0.232  0.854  0.402  0.080  0.083  0.113  0.174  0.161  0.130  0.132  0.1  0.1
7  0.848  0.704  0.156  0.156   1   1  0.000  0.900 -0.009  0.874  0.594  0.228  0.220  0.837  0.482  0.088  0.084  0.120  0.151  0.167  0.123  0.136  0.1  0.1
8  0.908  0.597  0.186  0.157   1   1  0.000  0.900  0.005  0.881  0.541  0.244  0.216  0.887  0.463  0.082  0.080  0.124  0.167  0.157  0.128  0.112  0.1  0.1
9  0.981  0.336  0.157  0.157   1   1  0.000  0.900 -0.027  0.889  0.527  0.208  0.220  0.917  0.464  0.089  0.083  0.109  0.169  0.169  0.138  0.131  0.1  0.1
:  0.157  0.995  0.157  0.157   1   1  0.000  0.500  0.132  0.595  0.113  0.322  0.350  0.854  0.059  0.090  0.090  0.075  0.140  0.140  0.210  0.080  0.0  0.0
;  0.157  0.995  0.157  0.157   1   1 -0.200  0.500 -0.344  0.571  0.267  0.291  0.350  1.000  0.079  0.107  0.108  0.124  0.195  0.140  0.132  0.080  0.0  0.0
<  0.995  0.157  0.157  0.157   1   1  0.100  0.800  0.020  0.727  0.588  0.282  0.275  0.733  0.394  0.094  0.104  0.108  0.162  0.140  0.137  0.183  0.0  0.0
=  0.157  0.995  0.157  0.157   1   1  0.200  0.600  0.192  0.501  0.535  0.268  0.299  0.684  0.407  0.083  0.075  0.122  0.143  0.155  0.143  0.121  0.0  0.0
>  0.995  0.157  0.157  0.157   1   1  0.100  0.800  0.009  0.731  0.569  0.262  0.275  0.748  0.468  0.101  0.103  0.121  0.140  0.149  0.143  0.119  0.0  0.0
?  0.174  0.994  0.157  0.157   1   1  0.000  1.000 -0.081  1.049  0.417  0.340  0.350  0.890  0.088  0.114  0.118  0.119  0.161  0.142  0.175  0.080  0.0  0.0
@  0.995  0.157  0.157  0.157   1   1  0.000  1.000 -0.031  0.912  0.773  0.350  0.350  0.964  0.416  0.128  0.121  0.146  0.179  0.172  0.160  0.156  0.0  0.0
A  0.492  0.795  0.688  0.156   1   1  0.000  1.000 -0.027  0.933  0.663  0.176  0.240  0.956  0.453  0.094  0.107  0.137  0.187  0.172  0.154  0.155  0.3  0.8
B  0.705  0.847  0.156  0.156   1   1  0.000  1.000 -0.012  0.947  0.689  0.272  0.224  0.973  0.684  0.086  0.099  0.135  0.157  0.158  0.145  0.173  0.3  0.8
C  0.995  0.157  0.157  0.157   1   1  0.000  1.000  0.063  0.872  0.636  0.304  0.209  0.832  0.151  0.081  0.106  0.134  0.143  0.178  0.144  0.138  0.3  0.8
D  0.557  0.926  0.157  0.157   1   1  0.000  1.000 -0.018  0.920  0.730  0.231  0.213  0.979  0.664  0.096  0.106  0.147  0.172  0.167  0.160  0.194  0.3  0.8
E  0.343  0.572  0.801  0.587   1   1  0.000  1.000  0.015  0.916  0.721  0.225  0.205  0.930  0.404  0.088  0.095  0.144  0.170  0.192  0.139  0.138  0.3  0.8
F  0.312  0.749  0.796  0.157   1   1  0.000  1.000  0.009  0.988  0.781  0.247  0.073  0.966  0.479  0.100  0.104  0.176  0.177  0.210  0.136  0.147  0.3  0.8
G  0.849  0.651  0.405  0.157   1   1  0.000  1.000 -0.043  0.909  0.720  0.253  0.226  0.971  0.513  0.142  0.099  0.141  0.165  0.168  0.198  0.147  0.3  0.8
H  0.157  0.404  0.969  0.157   1   1  0.000  1.000 -0.008  0.941  0.643  0.221  0.215  0.903  0.507  0.088  0.103  0.149  0.179  0.178  0.137  0.180  0.3  0.8
I  0.830  0.156  0.727  0.156   1   1  0.000  1.000  0.035  0.858  0.338  0.274  0.255  0.830  0.402  0.092  0.118  0.240  0.170  0.173  0.178  0.161  0.3  0.8
J  0.667  0.872  0.156  0.156   1   1  0.000  1.000 -0.159  0.940  0.746  0.257  0.182  1.253  0.662  0.189  0.128  0.220  0.166  0.201  0.210  0.187  0.3  0.8
K  0.317  0.909  0.567  0.157   1   1  0.000  1.000 -0.007  0.941  0.739  0.320  0.158  0.971  0.640  0.095  0.111  0.147  0.156  0.191  0.155  0.209  0.3  0.8
L  0.952  0.477  0.156  0.156   1   1  0.000  1.000  0.033  0.890  0.582  0.248  0.198  0.867  0.413  0.089  0.108  0.133  0.162  0.171  0.158  0.172  0.3  0.8
M  0.744  0.436  0.468  0.702   1   1  0.000  1.000 -0.007  0.896  0.802  0.270  0.220  0.977  0.713  0.111  0.116  0.169  0.152  0.171  0.158  0.192  0.3  0.8
N  0.758  0.485  0.736  0.156   1   1  0.000  1.000  0.017  0.925  0.787  0.266  0.206  0.965  0.720  0.100  0.117  0.160  0.168  0.183  0.155  0.183  0.3  0.8
O  0.995  0.157  0.157  0.157   1   1  0.000  1.000  0.061  0.808  0.614  0.205  0.233  0.772  0.473  0.087  0.103  0.119  0.174  0.151  0.138  0.210  0.3  0.8
P  0.755  0.807  0.156  0.156   1   1  0.000  1.000  0.006  1.041  0.654  0.290  0.117  1.081  0.638  0.098  0.120  0.168  0.157  0.208  0.176  0.130  0.3  0.8
Q  0.157  0.995  0.157  0.157   1   1  0.000  1.000 -0.101  0.929  0.766  0.319  0.249  1.122  0.517  0.131  0.112  0.134  0.147  0.140  0.179  0.138  0.3  0.8
R  0.781  0.779  0.205  0.157   1   1  0.000  1.000 -0.008  0.970  0.710  0.253  0.210  0.998  0.718  0.092  0.109  0.136  0.168  0.167  0.157  0.180  0.3  0.8
S  0.995  0.157  0.157  0.157   1   1  0.000  1.000  0.024  0.926  0.637  0.234  0.154  0.912  0.245  0.083  0.099  0.146  0.180  0.190  0.144  0.170  0.3  0.8
T  0.157  0.995  0.157  0.157   1   1  0.000  1.000  0.019  0.947  0.907  0.226  0.081  0.971  0.721  0.099  0.121  0.180  0.190  0.210  0.148  0.153  0.3  0.8
U  0.971  0.394  0.157  0.157   1   1  0.000  1.000  0.061  0.851  0.621  0.247  0.247  0.811  0.656  0.088  0.103  0.128  0.152  0.158  0.140  0.186  0.3  0.8
V  0.820  0.740  0.156  0.156   1   1  0.000  1.000  0.042  0.918  0.620  0.266  0.198  0.886  0.656  0.085  0.107  0.127  0.140  0.189  0.156  0.162  0.3  0.8
W  0.694  0.560  0.560  0.630   1   1  0.000  1.000  0.041  0.899  0.921  0.284  0.176  0.996  0.591  0.095  0.118  0.140  0.140  0.168  0.135  0.159  0.3  0.8
X  0.157  0.995  0.157  0.157   1   1  0.000  1.000  0.001  0.885  0.675  0.229  0.260  0.890  0.711  0.096  0.101  0.123  0.152  0.146  0.151  0.151  0.3  0.8
Y  0.621  0.852  0.456  0.157   1   1  0.000  1.000 -0.142  0.958  0.632  0.267  0.197  1.110  0.499  0.141  0.110  0.138  0.165  0.194  0.208  0.123  0.3  0.8
Z  0.815  0.746  0.156  0.156   1   1  0.000  1.000  0.027  0.881  0.751  0.264  0.191  0.871  0.550  0.111  0.104  0.140  0.156  0.155  0.137  0.157  0.3  0.8
[  0.971  0.397  0.157  0.157   1   1 -0.100  1.100 -0.252  1.119  0.690  0.350  0.189  1.371  0.489  0.143  0.131  0.169  0.193  0.210  0.210  0.163  0.0  0.0
\  0.993  0.174  0.174  0.174   1   1 -0.100  1.100  0.021  0.915  0.520  0.130  0.215  0.893  0.811  0.108  0.107  0.151  0.204  0.194  0.165  0.148  0.0  0.0
]  0.982  0.328  0.157  0.157   1   1 -0.100  1.100 -0.262  1.150  0.635  0.171  0.350  1.417  0.297  0.135  0.123  0.162  0.210  0.189  0.210  0.133  0.0  0.0
^  0.995  0.157  0.157  0.157   1   1  0.500  1.000  0.529  0.952  0.399  0.278  0.296  0.461  0.432  0.133  0.095  0.104  0.151  0.170  0.118  0.133  0.0  0.0
_  0.995  0.157  0.157  0.157   1   1 -0.100  0.000 -0.064  0.017  0.556  0.232  0.285  0.556  0.420  0.078  0.077  0.141  0.164  0.173  0.140  0.140  0.0  0.0
`  0.991  0.190  0.190  0.190   1   1  0.700  1.100  0.696  0.964  0.176  0.331  0.349  0.278  0.500  0.107  0.102  0.101  0.155  0.142  0.100  0.134  0.0  0.0
a  0.981  0.331  0.157  0.157   1   1  0.000  0.500  0.022  0.481  0.506  0.186  0.241  0.545  0.324  0.075  0.077  0.116  0.180  0.162  0.116  0.139  0.9  0.9
b  0.906  0.603  0.157  0.157   1   1  0.000  0.900  0.019  0.921  0.506  0.246  0.210  0.908  0.494  0.075  0.101  0.124  0.178  0.148  0.143  0.124  0.9  0.9
c  0.995  0.157  0.157  0.157   1   1  0.000  0.500  0.027  0.490  0.413  0.232  0.192  0.500  0.111  0.075  0.075  0.114  0.172  0.166  0.108  0.129  0.9  0.9
d  0.925  0.559  0.157  0.157   1   1  0.000  0.900  0.003  0.943  0.601  0.222  0.202  0.953  0.480  0.079  0.115  0.151  0.163  0.187  0.154  0.114  0.9  0.9
e  0.995  0.157  0.157  0.157   1   1  0.000  0.500  0.017  0.515  0.455  0.179  0.205  0.543  0.305  0.075  0.075  0.120  0.163  0.159  0.112  0.137  0.9  0.9
f  0.370  0.975  0.157  0.157   1   1 -0.100  0.900 -0.338  1.038  0.626  0.153  0.118  1.466  0.499  0.156  0.109  0.188  0.206  0.205  0.174  0.171  0.9  0.9
g  0.970  0.401  0.157  0.157   1   1 -0.500  0.500 -0.637  0.500  0.578  0.133  0.225  1.143  0.447  0.111  0.078  0.157  0.210  0.168  0.157  0.156  0.9  0.9
h  0.982  0.324  0.157  0.157   1   1  0.000  0.900  0.020  0.956  0.518  0.159  0.216  0.941  0.481  0.075  0.105  0.129  0.178  0.148  0.146  0.165  0.9  0.9
i  0.519  0.940  0.157  0.157   1   1  0.000  0.800  0.039  0.772  0.223  0.228  0.223  0.491  0.080  0.075  0.110  0.133  0.157  0.171  0.135  0.080  0.9  0.9
j  0.477  0.952  0.157  0.157   1   1 -0.500  0.800 -0.549  0.778  0.469  0.219  0.246  1.141  0.093  0.106  0.132  0.164  0.207  0.159  0.168  0.087  0.9  0.9
k  0.446  0.921  0.456  0.157   1   1  0.000  0.900  0.009  0.928  0.591  0.193  0.185  0.936  0.475  0.075  0.108  0.128  0.159  0.159  0.142  0.160  0.9  0.9
l  0.995  0.157  0.157  0.157   1   1  0.000  0.900  0.039  0.940  0.288  0.232  0.172  0.903  0.304  0.076  0.097  0.177  0.170  0.178  0.144  0.196  0.9  0.9
m  0.987  0.281  0.157  0.157   1   1  0.000  0.500  0.018  0.482  0.760  0.231  0.249  0.766  0.358  0.075  0.075  0.112  0.151  0.145  0.109  0.144  0.9  0.9
n  0.995  0.157  0.157  0.157   1   1  0.000  0.500  0.019  0.470  0.492  0.222  0.240  0.539  0.349  0.075  0.075  0.109  0.146  0.162  0.106  0.156  0.9  0.9
o  0.995  0.157  0.157  0.157   1   0  0.000  0.500  0.771  1.073  0.321  0.204  0.189  0.337  0.199  0.076  0.075  0.086  0.143  0.140  0.087  0.133  0.9  0.9
p  0.891  0.633  0.156  0.156   1   1 -0.500  0.500 -0.464  0.519  0.527  0.188  0.197  0.982  0.498  0.110  0.090  0.149  0.203  0.156  0.156  0.121  0.9  0.9
q  0.969  0.404  0.157  0.157   1   1 -0.500  0.500 -0.519  0.494  0.447  0.316  0.251  1.023  0.409  0.094  0.076  0.120  0.151  0.142  0.138  0.119  0.9  0.9
r  0.995  0.157  0.157  0.157   1   1  0.000  0.500  0.037  0.510  0.412  0.210  0.205  0.513  0.331  0.075  0.075  0.119  0.153  0.162  0.106  0.137  0.9  0.9
s  0.995  0.157  0.157  0.157   1   1  0.000  0.500 -0.020  0.557  0.432  0.187  0.184  0.595  0.138  0.075  0.079  0.110  0.169  0.165  0.117  0.134  0.9  0.9
t  0.157  0.995  0.157  0.157   1   1  0.000  0.900  0.033  0.934  0.525  0.191  0.154  0.911  0.465  0.082  0.115  0.152  0.193  0.190  0.159  0.159  0.9  0.9
u  0.994  0.174  0.157  0.157   1   1  0.000  0.500  0.027  0.470  0.480  0.216  0.239  0.527  0.356  0.075  0.075  0.117  0.155  0.147  0.113  0.152  0.9  0.9
v  0.821  0.739  0.156  0.156   1   1  0.000  0.500  0.029  0.524  0.450  0.256  0.195  0.544  0.362  0.075  0.081  0.111  0.145  0.140  0.113  0.149  0.9  0.9
w  0.694  0.560  0.560  0.630   1   1  0.000  0.500  0.009  0.531  0.724  0.225  0.198  0.741  0.385  0.076  0.089  0.111  0.148  0.140  0.106  0.148  0.9  0.9
x  0.157  0.995  0.157  0.157   1   1  0.000  0.500 -0.016  0.509  0.518  0.233  0.261  0.597  0.438  0.087  0.090  0.122  0.151  0.153  0.128  0.114  0.9  0.9
y  0.748  0.716  0.542  0.156   1   1 -0.500  0.500 -0.567  0.493  0.548  0.190  0.257  1.061  0.421  0.115  0.087  0.154  0.190  0.159  0.157  0.128  0.9  0.9
z  0.753  0.594  0.674  0.156   1   1 -0.050  0.500 -0.108  0.544  0.556  0.202  0.181  0.707  0.425  0.140  0.084  0.126  0.165  0.157  0.181  0.121  0.9  0.9
{  0.995  0.157  0.157  0.157   1   1 -0.200  1.100 -0.350  1.176  0.513  0.338  0.238  1.531  0.682  0.119  0.106  0.177  0.157  0.184  0.175  0.160  0.0  0.0
|  0.995  0.157  0.157  0.157   1   1 -0.100  1.100 -0.142  1.037  0.173  0.264  0.267  1.176  0.429  0.112  0.094  0.131  0.162  0.167  0.169  0.125  0.0  0.0
}  0.995  0.157  0.157  0.157   1   1 -0.200  1.100 -0.383  1.151  0.486  0.227  0.292  1.538  0.619  0.119  0.098  0.166  0.186  0.178  0.168  0.157  0.0  0.0
~  0.995  0.157  0.157  0.157   1   1  0.500  0.800  0.460  0.759  0.647  0.314  0.276  0.649  0.479  0.121  0.115  0.120  0.145  0.170  0.120  0.145  0.0  0.0
£  0.211  0.922  0.553  0.211   1   1  0.000  1.000 -0.066  1.028  0.761  0.280  0.195  0.805  0.447  0.111  0.123  0.158  0.193  0.181  0.210  0.146  0.0  0.0
¥  0.211  0.922  0.553  0.211   1   1  0.000  1.000 -0.155  0.972  0.749  0.169  0.238  0.619  0.494  0.137  0.090  0.141  0.140  0.202  0.120  0.147  0.0  0.0
¢  0.211  0.922  0.553  0.211   1   1  0.000  1.000 -0.127  0.952  0.579  0.219  0.163  0.607  0.577  0.100  0.090  0.118  0.159  0.156  0.103  0.102  0.0  0.0
ª  0.000  0.000  0.000  0.000   1   1  0.500  1.000  0.469  0.974  0.476  0.235  0.311  0.476  0.417  0.101  0.075  0.101  0.140  0.143  0.109  0.096  0.0  0.0
º  0.000  0.000  0.000  0.000   1   1  0.500  1.000  0.427  1.000  0.478  0.221  0.334  0.479  0.379  0.128  0.076  0.105  0.140  0.142  0.108  0.088  0.0  0.0
ß  0.810  0.660  0.505  0.157   1   1 -0.100  1.000 -0.428  0.946  0.767  0.130  0.169  1.382  0.733  0.127  0.112  0.173  0.210  0.146  0.184  0.143  0.0  0.0
§  0.993  0.174  0.174  0.174   1   1 -0.100  1.100 -0.285  1.051  0.722  0.073  0.309  0.981  0.727  0.122  0.109  0.139  0.192  0.171  0.168  0.166  0.0  0.0
¶  0.993  0.174  0.174  0.174   1   1 -0.100  1.100 -0.167  1.006  0.667  0.199  0.226  0.910  0.661  0.101  0.086  0.122  0.169  0.149  0.113  0.197  0.0  0.0
«  0.995  0.157  0.157  0.157   1   1  0.100  0.800  0.139  0.684  0.778  0.197  0.245  0.757  0.411  0.084  0.089  0.114  0.140  0.140  0.105  0.100  0.0  0.0
»  0.995  0.157  0.157  0.157   1   1  0.100  0.800  0.087  0.691  0.798  0.254  0.234  0.774  0.492  0.099  0.086  0.114  0.140  0.168  0.107  0.112  0.0  0.0
¿  0.174  0.994  0.157  0.157   1   1  0.000  1.000 -0.076  1.055  0.436  0.343  0.350  0.911  0.081  0.093  0.096  0.105  0.146  0.140  0.101  0.080  0.0  0.0
¡  0.157  0.993  0.190  0.157   1   1  0.000  1.100 -0.057  1.024  0.180  0.350  0.331  0.772  0.080  0.092  0.087  0.113  0.150  0.154  0.100  0.080  0.0  0.0
ç  0.995  0.157  0.157  0.157   1   1 -0.400  0.500 -0.333  0.485  0.409  0.317  0.301  0.879  0.351  0.084  0.075  0.106  0.160  0.140  0.124  0.085  0.9  0.9
Ç  0.995  0.157  0.157  0.157   1   1 -0.400  1.000 -0.430  0.850  0.666  0.269  0.286  1.055  0.519  0.104  0.105  0.135  0.171  0.184  0.210  0.109  0.3  0.8
Œ  0.694  0.560  0.560  0.630   1   1  0.000  1.000  0.035  0.906  0.913  0.290  0.147  0.993  0.594  0.085  0.105  0.130  0.122  0.156  0.121  0.110  0.3  0.8
œ  0.694  0.560  0.560  0.630   1   1  0.000  0.500  0.025  0.485  0.863  0.170  0.180  0.835  0.368  0.075  0.075  0.115  0.140  0.140  0.116  0.087  0.9  0.9
Æ  0.694  0.560  0.560  0.630   1   1  0.000  1.000 -0.016  0.928  1.020  0.288  0.187  0.993  0.476  0.080  0.097  0.134  0.140  0.144  0.121  0.122  0.3  0.8
æ  0.694  0.560  0.560  0.630   1   1  0.000  0.500  0.013  0.523  0.748  0.202  0.188  0.746  0.383  0.075  0.078  0.108  0.140  0.140  0.107  0.102  0.9  0.9
Ø  0.781  0.779  0.205  0.157   1   1  0.000  1.000 -0.086  1.034  0.773  0.247  0.123  0.991  0.776  0.092  0.103  0.137  0.159  0.161  0.133  0.140  0.3  0.8
ø  0.995  0.157  0.157  0.157   1   1  0.000  0.500 -0.130  0.668  0.551  0.125  0.147  0.599  0.414  0.076  0.083  0.117  0.163  0.145  0.108  0.104  0.9  0.9
„  0.995  0.157  0.157  0.157   1   0 -0.200  0.050 -0.343  0.122  0.341  0.304  0.344  0.383  0.357  0.123  0.092  0.102  0.148  0.169  0.107  0.100  0.0  0.0
å  0.000  0.000  0.000  0.000   1   0  0.000  0.000  0.018  0.958  0.601  0.197  0.155  0.979  0.299  0.075  0.094  0.123  0.172  0.157  0.113  0.094  0.0  0.0
ë  0.000  0.000  0.000  0.000   1   0  0.000  0.000  0.055  0.864  0.493  0.273  0.201  0.933  0.044  0.075  0.085  0.095  0.140  0.140  0.116  0.080  0.0  0.0
ï  0.000  0.000  0.000  0.000   1   0  0.000  0.000  0.057  0.810  0.411  0.259  0.270  0.979  0.043  0.075  0.082  0.120  0.148  0.150  0.113  0.080  0.0  0.0
ñ  0.000  0.000  0.000  0.000   1   0  0.000  0.000  0.046  0.841  0.594  0.249  0.304  0.979  0.429  0.080  0.097  0.111  0.161  0.144  0.113  0.096  0.0  0.0
õ  0.000  0.000  0.000  0.000   1   0  0.000  0.000  0.080  0.809  0.574  0.298  0.095  0.799  0.378  0.075  0.090  0.109  0.146  0.162  0.115  0.109  0.0  0.0
ü  0.000  0.000  0.000  0.000   1   0  0.000  0.000  0.012  0.902  0.610  0.146  0.136  0.770  0.260  0.077  0.108  0.135  0.174  0.159  0.114  0.159  0.0  0.0
ÿ  0.000  0.000  0.000  0.000   1   0  0.000  0.000 -0.519  0.889  0.495  0.278  0.350  0.979  0.068  0.116  0.118  0.114  0.162  0.153  0.113  0.089  0.0  0.0
Á  0.000  0.000  0.000  0.000   1   0  0.000  0.000 -0.053  1.231  0.634  0.270  0.287  1.000  0.287  0.082  0.112  0.136  0.143  0.171  0.127  0.097  0.0  0.0
È  0.000  0.000  0.000  0.000   1   0  0.000  0.000  0.010  1.257  0.601  0.315  0.317  1.000  0.274  0.075  0.111  0.120  0.154  0.166  0.127  0.088  0.0  0.0
Ì  0.000  0.000  0.000  0.000   1   0  0.000  0.000  0.006  1.182  0.383  0.343  0.295  1.000  0.292  0.077  0.093  0.167  0.140  0.160  0.127  0.093  0.0  0.0
Ñ  0.000  0.000  0.000  0.000   1   0  0.000  0.000  0.042  1.183  0.776  0.337  0.300  1.000  0.562  0.092  0.121  0.140  0.140  0.185  0.127  0.124  0.0  0.0
Ò  0.000  0.000  0.000  0.000   1   0  0.000  0.000  0.021  1.151  0.591  0.325  0.315  1.000  0.328  0.075  0.089  0.112  0.141  0.149  0.127  0.097  0.0  0.0
Ù  0.000  0.000  0.000  0.000   1   0  0.000  0.000  0.012  1.181  0.548  0.350  0.268  1.000  0.312  0.088  0.099  0.107  0.142  0.154  0.127  0.098  0.0  0.0
Ÿ  0.000  0.000  0.000  0.000   1   0  0.000  0.000 -0.127  1.178  0.533  0.333  0.241  1.000  0.087  0.100  0.096  0.110  0.151  0.185  0.127  0.104  0.0  0.0
´  0.000  0.000  0.000  0.000   1   0  0.000  0.000  0.169  0.890  0.127  0.227  0.257  0.846  0.056  0.071  0.075  0.082  0.118  0.131  0.100  0.032  0.0  0.0
˙  0.000  0.000  0.000  0.000   1   0  0.000  0.000  0.169  0.890  0.127  0.227  0.257  0.846  0.056  0.071  0.075  0.082  0.118  0.131  0.100  0.032  0.0  0.0
ˆ  0.000  0.000  0.000  0.000   1   0  0.000  0.000  0.169  0.890  0.127  0.227  0.257  0.846  0.056  0.071  0.075  0.082  0.118  0.131  0.100  0.032  0.0  0.0
¨  0.000  0.000  0.000  0.000   1   0  0.000  0.000  0.169  0.890  0.127  0.227  0.257  0.846  0.056  0.071  0.075  0.082  0.118  0.131  0.100  0.032  0.0  0.0
˜  0.000  0.000  0.000  0.000   1   0  0.000  0.000  0.169  0.890  0.127  0.227  0.257  0.846  0.056  0.071  0.075  0.082  0.118  0.131  0.100  0.032  0.0  0.0
˚  0.000  0.000  0.000  0.000   1   0  0.000  0.000  0.169  0.890  0.127  0.227  0.257  0.846  0.056  0.071  0.075  0.082  0.118  0.131  0.100  0.032  0.0  0.0
€  0.156  0.790  0.773  0.156   1   1 -0.100  1.100 -0.179  1.136  0.606  0.254  0.313  1.204  0.829  0.120  0.111  0.133  0.179  0.170  0.178  0.162  0.0  0.0
56
^^^  0.995  0.157  0.157  0.157   0   1  0.600  1.100  0.538  0.947  0.389  0.276  0.307  0.449  0.486  0.133  0.097  0.103  0.155  0.163  0.119  0.145  0.0  0.0
∆^^  0.995  0.157  0.157  0.157   0   1 -0.200  0.100 -0.200  0.100  0.389  0.276  0.307  0.449  0.486  0.133  0.097  0.103  0.155  0.163  0.119  0.145  0.0  0.5
ooo  0.995  0.157  0.157  0.157   0   1  0.000  0.500  0.026  0.461  0.409  0.184  0.222  0.476  0.182  0.075  0.075  0.097  0.169  0.140  0.104  0.140  0.9  0.9
°oo  0.995  0.157  0.157  0.157   0   1  0.800  1.100  0.771  1.073  0.321  0.204  0.189  0.337  0.199  0.076  0.075  0.086  0.143  0.140  0.087  0.133  0.0  0.0
"„„  0.000  0.324  0.157  0.157   0   1  0.700  1.050  0.699  1.022  0.273  0.350  0.315  0.364  0.218  0.105  0.094  0.093  0.143  0.193  0.148  0.103  0.0  0.0
„„„  0.000  0.324  0.157  0.157   0   1 -0.300  0.150 -0.343  0.122  0.341  0.304  0.344  0.383  0.357  0.123  0.092  0.102  0.148  0.169  0.107  0.100  0.0  0.0
áå´  0.000  0.324  0.157  0.157   0   1  0.000  0.850  0.012  0.941  0.593  0.233  0.292  0.979  0.324  0.075  0.090  0.104  0.162  0.145  0.113  0.108  0.9  0.9
àå˙  0.000  0.324  0.157  0.157   0   1  0.000  0.850  0.035  0.901  0.566  0.287  0.191  0.979  0.284  0.075  0.097  0.109  0.140  0.158  0.113  0.113  0.9  0.9
âåˆ  0.000  0.324  0.157  0.157   0   1  0.000  0.850  0.041  0.877  0.575  0.221  0.301  0.930  0.384  0.075  0.095  0.125  0.167  0.164  0.115  0.112  0.9  0.9
äå¨  0.000  0.324  0.157  0.157   0   1  0.000  0.850  0.008  0.923  0.617  0.114  0.125  0.824  0.275  0.077  0.113  0.135  0.166  0.169  0.116  0.167  0.9  0.9
åå˚  0.000  0.324  0.157  0.157   0   1  0.000  0.850  0.018  0.958  0.601  0.197  0.155  0.979  0.299  0.075  0.094  0.123  0.172  0.157  0.113  0.094  0.9  0.9
ãå˜  0.000  0.324  0.157  0.157   0   1  0.000  0.850  0.072  0.798  0.591  0.252  0.277  0.829  0.428  0.077  0.087  0.099  0.154  0.147  0.114  0.109  0.9  0.9
éë´  0.000  0.324  0.157  0.157   0   1  0.000  0.850  0.039  0.919  0.548  0.249  0.223  0.828  0.267  0.076  0.099  0.139  0.163  0.189  0.119  0.118  0.9  0.9
èë˙  0.000  0.324  0.157  0.157   0   1  0.000  0.850  0.044  0.901  0.481  0.273  0.259  0.930  0.261  0.075  0.089  0.111  0.145  0.157  0.116  0.099  0.9  0.9
êëˆ  0.000  0.324  0.157  0.157   0   1  0.000  0.850  0.044  0.905  0.520  0.254  0.282  0.934  0.383  0.075  0.078  0.109  0.141  0.140  0.116  0.091  0.9  0.9
ëë¨  0.000  0.324  0.157  0.157   0   1  0.000  0.850  0.055  0.864  0.493  0.273  0.201  0.933  0.044  0.075  0.085  0.095  0.140  0.140  0.116  0.080  0.9  0.9
íï´  0.000  0.324  0.157  0.157   0   1  0.000  0.850  0.007  0.887  0.388  0.241  0.268  0.979  0.235  0.075  0.089  0.134  0.161  0.151  0.113  0.097  0.9  0.9
ìï˙  0.000  0.324  0.157  0.157   0   1  0.000  0.850  0.027  0.851  0.327  0.296  0.328  0.979  0.217  0.075  0.089  0.121  0.146  0.140  0.113  0.090  0.9  0.9
îïˆ  0.000  0.324  0.157  0.157   0   1  0.000  0.850  0.051  0.847  0.426  0.231  0.315  0.979  0.296  0.075  0.084  0.119  0.164  0.141  0.113  0.095  0.9  0.9
ïï¨  0.000  0.324  0.157  0.157   0   1  0.000  0.850  0.057  0.810  0.411  0.259  0.270  0.979  0.043  0.075  0.082  0.120  0.148  0.150  0.113  0.080  0.9  0.9
ññ˜  0.000  0.324  0.157  0.157   0   1  0.000  0.850  0.046  0.841  0.594  0.249  0.304  0.979  0.429  0.080  0.097  0.111  0.161  0.144  0.113  0.096  0.9  0.9
óõ´  0.000  0.324  0.157  0.157   0   1  0.000  0.850 -0.002  0.894  0.499  0.210  0.230  0.979  0.279  0.075  0.094  0.110  0.148  0.145  0.113  0.099  0.9  0.9
òõ˙  0.000  0.324  0.157  0.157   0   1  0.000  0.850  0.030  0.856  0.434  0.292  0.312  0.979  0.261  0.075  0.090  0.094  0.140  0.140  0.113  0.080  0.9  0.9
ôõˆ  0.000  0.324  0.157  0.157   0   1  0.000  0.850  0.037  0.874  0.501  0.235  0.266  0.979  0.354  0.075  0.084  0.106  0.140  0.140  0.113  0.083  0.9  0.9
öõ¨  0.000  0.324  0.157  0.157   0   1  0.000  0.850  0.005  0.911  0.552  0.130  0.125  0.792  0.261  0.075  0.112  0.128  0.173  0.183  0.115  0.165  0.9  0.9
õõ˜  0.000  0.324  0.157  0.157   0   1  0.000  0.850  0.080  0.809  0.574  0.298  0.095  0.799  0.378  0.075  0.090  0.109  0.146  0.162  0.115  0.109  0.9  0.9
úü´  0.000  0.324  0.157  0.157   0   1  0.000  0.850  0.010  0.927  0.539  0.226  0.320  0.979  0.276  0.075  0.090  0.130  0.140  0.140  0.113  0.096  0.9  0.9
ùü˙  0.000  0.324  0.157  0.157   0   1  0.000  0.850  0.059  0.888  0.578  0.251  0.176  0.979  0.234  0.075  0.084  0.132  0.140  0.152  0.113  0.109  0.9  0.9
ûüˆ  0.000  0.324  0.157  0.157   0   1  0.000  0.850  0.043  0.925  0.625  0.192  0.196  0.979  0.391  0.075  0.086  0.131  0.148  0.140  0.113  0.107  0.9  0.9
üü¨  0.000  0.324  0.157  0.157   0   1  0.000  0.850  0.012  0.902  0.610  0.146  0.136  0.770  0.260  0.077  0.108  0.135  0.174  0.159  0.114  0.159  0.9  0.9
ÿÿ¨  0.000  0.324  0.157  0.157   0   1 -0.500  0.850 -0.519  0.889  0.495  0.278  0.350  0.979  0.068  0.116  0.118  0.114  0.162  0.153  0.113  0.089  0.9  0.9
ÁÁ´  0.000  0.807  0.156  0.156   0   1  0.000  1.100 -0.053  1.231  0.634  0.270  0.287  1.000  0.287  0.082  0.112  0.136  0.143  0.171  0.127  0.097  0.3  0.8
ÀÁ˙  0.000  0.807  0.156  0.156   0   1  0.000  1.100 -0.049  1.238  0.591  0.303  0.335  1.000  0.273  0.086  0.103  0.122  0.158  0.146  0.127  0.085  0.3  0.8
ÂÁˆ  0.000  0.807  0.156  0.156   0   1  0.000  1.100 -0.040  1.192  0.604  0.310  0.311  1.000  0.336  0.088  0.105  0.124  0.157  0.161  0.127  0.102  0.3  0.8
ÄÁ¨  0.000  0.807  0.156  0.156   0   1  0.000  1.100 -0.081  1.277  0.813  0.140  0.139  1.000  0.248  0.095  0.123  0.193  0.175  0.210  0.127  0.190  0.3  0.8
ÅÁ˚  0.000  0.807  0.156  0.156   0   1  0.000  1.100 -0.052  1.278  0.747  0.287  0.163  1.000  0.343  0.082  0.107  0.160  0.167  0.186  0.127  0.099  0.3  0.8
ÃÁ˜  0.000  0.807  0.156  0.156   0   1  0.000  1.100 -0.005  1.179  0.741  0.317  0.284  1.000  0.383  0.100  0.103  0.147  0.162  0.188  0.127  0.120  0.3  0.8
ÉÈ´  0.000  0.807  0.156  0.156   0   1  0.000  1.100 -0.010  1.286  0.665  0.255  0.243  1.000  0.276  0.078  0.113  0.131  0.162  0.184  0.127  0.097  0.3  0.8
ÈÈ˙  0.000  0.807  0.156  0.156   0   1  0.000  1.100  0.010  1.257  0.601  0.315  0.317  1.000  0.274  0.075  0.111  0.120  0.154  0.166  0.127  0.088  0.3  0.8
ÊÈˆ  0.000  0.807  0.156  0.156   0   1  0.000  1.100  0.002  1.189  0.636  0.315  0.297  1.000  0.315  0.083  0.099  0.116  0.156  0.163  0.127  0.090  0.3  0.8
ËÈ¨  0.000  0.807  0.156  0.156   0   1  0.000  1.100  0.017  1.187  0.647  0.350  0.303  1.000  0.072  0.079  0.096  0.141  0.178  0.164  0.127  0.098  0.3  0.8
ÍÌ´  0.000  0.807  0.156  0.156   0   1  0.000  1.100 -0.021  1.246  0.467  0.276  0.234  1.000  0.298  0.077  0.099  0.174  0.179  0.195  0.127  0.123  0.3  0.8
ÌÌ˙  0.000  0.807  0.156  0.156   0   1  0.000  1.100  0.006  1.182  0.383  0.343  0.295  1.000  0.292  0.077  0.093  0.167  0.140  0.160  0.127  0.093  0.3  0.8
ÎÌˆ  0.000  0.807  0.156  0.156   0   1  0.000  1.100 -0.010  1.178  0.522  0.265  0.241  1.000  0.412  0.090  0.109  0.139  0.153  0.168  0.127  0.107  0.3  0.8
ÏÌ¨  0.000  0.807  0.156  0.156   0   1  0.000  1.100 -0.005  1.174  0.499  0.295  0.268  1.000  0.072  0.086  0.105  0.166  0.159  0.194  0.127  0.098  0.3  0.8
ÑÑ˜  0.000  0.807  0.156  0.156   0   1  0.000  1.100  0.042  1.183  0.776  0.337  0.300  1.000  0.562  0.092  0.121  0.140  0.140  0.185  0.127  0.124  0.3  0.8
ÓÒ´  0.000  0.807  0.156  0.156   0   1  0.000  1.100 -0.003  1.221  0.653  0.276  0.246  1.000  0.348  0.080  0.091  0.123  0.176  0.169  0.127  0.108  0.3  0.8
ÒÒ˙  0.000  0.807  0.156  0.156   0   1  0.000  1.100  0.021  1.151  0.591  0.325  0.315  1.000  0.328  0.075  0.089  0.112  0.141  0.149  0.127  0.097  0.3  0.8
ÔÒˆ  0.000  0.807  0.156  0.156   0   1  0.000  1.100  0.008  1.156  0.629  0.284  0.314  1.000  0.437  0.084  0.097  0.112  0.148  0.153  0.127  0.106  0.3  0.8
ÖÒ¨  0.000  0.807  0.156  0.156   0   1  0.000  1.100 -0.005  1.208  0.732  0.302  0.209  1.079  0.217  0.088  0.114  0.149  0.185  0.210  0.145  0.210  0.3  0.8
ÕÒ˜  0.000  0.807  0.156  0.156   0   1  0.000  1.100  0.041  1.160  0.779  0.319  0.121  1.079  0.563  0.103  0.105  0.131  0.157  0.198  0.145  0.123  0.3  0.8
ÚÙ´  0.000  0.807  0.156  0.156   0   1  0.000  1.100  0.029  1.232  0.604  0.324  0.300  1.000  0.324  0.082  0.101  0.117  0.174  0.159  0.127  0.110  0.3  0.8
ÙÙ˙  0.000  0.807  0.156  0.156   0   1  0.000  1.100  0.012  1.181  0.548  0.350  0.268  1.000  0.312  0.088  0.099  0.107  0.142  0.154  0.127  0.098  0.3  0.8
ÛÙˆ  0.000  0.807  0.156  0.156   0   1  0.000  1.100  0.020  1.185  0.586  0.332  0.350  1.000  0.413  0.085  0.105  0.113  0.151  0.153  0.127  0.111  0.3  0.8
ÜÙ¨  0.000  0.807  0.156  0.156   0   1  0.000  1.100  0.017  1.230  0.726  0.206  0.181  1.000  0.249  0.089  0.119  0.162  0.210  0.196  0.127  0.194  0.3  0.8
ŸŸ¨  0.000  0.807  0.156  0.156   0   1  0.000  1.100 -0.127  1.178  0.533  0.333  0.241  1.000  0.087  0.100  0.096  0.110  0.151  0.185  0.127  0.104  0.3  0.8
10
0
1
2
3
4
5
6
7
8
9
54
Aa
Bb
Cc
Dd
Ee
Ff
Gg
Hh
Ii
Jj
Kk
Ll
Mm
Nn
Oo
Pp
Qq
Rr
Ss
Tt
Uu
Vv
Ww
Xx
Yy
Zz
Áá
Àà
Ââ
Ää
Ãã
Åå
Éé
Èè
Êê
Ëë
Íí
Ìì
Îî
Ïï
Ññ
Óó
Òò
Ôô
Öö
Õõ
Úú
Ùù
Ûû
Üü
Ÿÿ
Œœ
Ææ
Øø
54
aA
bB
cC
dD
eE
fF
gG
hH
iI
jJ
kK
lL
mM
nN
oO
pP
qQ
rR
sS
tT
uU
vV
wW
xX
yY
zZ
áÁA
àÀA
âÂA
äÄA
åÅA
ãÃA
éÉE
èÈE
êÊE
ëËE
íÍI
ìÌI
îÎI
ïÏI
ñÑN
óÓO
òÒO
ôÔO
öÖO
õÕO
úÚU
ùÙU
ûÛU
üÜU
ÿŸY
œŒ
æÆ
øØ
256
0      0
0      0
0      0
0      0
0      0
0      0
0      0
0      0
0      0
0      0
0      0
0      0
0      0
0      0
0      0
0      0
0      0
0      0
0      0
0      0
0      0
0      0
0      0
0      0
0      0
0      0
0      0
0      0
0      0
0      0
0      0
0      0
0      0
76306  17084
27228  11751
55363  11800
78306  13951
68350  13871
65381  18312
24302  10085
67351  12939
73409  14693
46712  11849
42841  9014
32213  10567
7363   3720
8266   4816
72586  18802
46929  10578
53125  10004
53446  9595
57093  8968
62074  10512
57374  9494
57679  9085
60080  9877
59776  9707
60648  9901
35922  13472
65177  17805
47235  11099
24300  8251
46355  11536
77389  15307
65214  13600
66660  12792
69719  13412
60126  14612
64701  13109
60791  11296
64043  12005
66976  17116
67731  13311
57283  12925
76558  22341
63102  12060
62312  15266
66821  16858
61499  13180
51715  11469
71389  14814
68382  14568
66914  13195
62023  12453
62102  12465
53294  10324
59100  11202
57522  11702
57353  10564
74473  16302
57718  11297
74224  14645
58268  12599
80922  17302
33419  10006
8701   4076
25018  7918
35633  7414
66684  12465
36855  8411
67261  11942
37335  7126
91435  21602
77742  16310
67005  12483
56662  13508
96924  21537
65540  12752
66624  12559
35712  8251
35252  7768
33982  6896
70384  13319
77689  15448
36465  7816
42952  8666
64442  11548
34389  7436
40039  9376
39246  9547
42606  10819
75962  15077
50906  18759
82635  14356
78385  16069
84588  14670
24624  7691
0      0
92189  16587
99047  17069
94350  14938
100943 15882
87545  13042
84110  15378
82423  13562
83016  12889
68817  16631
67651  12855
63548  13351
68518  10541
76222  16443
71093  14673
71499  12942
68297  13087
65685  12732
62612  11463
80155  14326
81830  15940
66331  12314
60603  10900
69134  12223
81128  14214
80159  16483
66127  12371
63874  13527
70594  11302
83621  13795
65819  15779
66212  12451
62010  12600
0      0
24780  6024
76881  12174
75700  10662
88968  15395
0      0
71950  10386
84447  14264
0      0
0      0
0      0
0      0
0      0
72088  15696
73188  13663
82704  12263
31481  6361
72113  12885
55750  8094
53489  8330
77686  13304
0      0
0      0
70536  11601
0      0
0      0
96542  14667
45160  7894
45569  10540
0      0
42342  8521
65047  11176
89748  10388
89079  9505
0      0
59910  10674
0      0
42345  8151
0      0
39605  11625
43489  12661
13627  4248
0      0
112817 17637
88842  13177
81696  12922
0      0
34575  7489
0      0
0      0
0      0
0      0
0      0
0      0
0      0
0      0
109256 19554
102335 12818
0      0
78306  13951
0      0
0      0
0      0
0      0
0      0
0      0
0      0
35940  8202
81843  14321
103002 17060
100645 16167
109359 17770
93103  14759
105056 14758
101354 13519
97183  17229
86774  14576
101723 15421
97554  13755
91133  13317
0      0
95428  14084
98069  15110
93789  13155
99133  15634
0      0
0      0
0      0
0      0
0      0
0      0
33086  13659
0      0
0      0
0      0
0      0

